1,1,204.1,248.29,100.54999999999998,42.21000000000001,1,1,1.0
1,2,732.92,265.05,72.0,40.95999999999998,1,1,1.0
1,3,119.68,330.22,137.79000000000002,60.20999999999998,1,1,1.0
2,1,204.09,248.38,100.54999999999998,42.20999999999998,1,1,1.0
2,2,719.89,265.67,72.0,40.95999999999998,1,1,1.0
2,3,93.61,337.05,137.79000000000002,60.20999999999998,1,1,1.0
3,1,204.08,248.48,100.55999999999997,42.21000000000001,1,1,1.0
3,2,707.47,267.5,72.0,44.72000000000003,1,1,1.0
3,3,75.61,342.63,137.79000000000002,60.20999999999998,1,1,1.0
4,1,204.08,248.57,100.54999999999998,42.20999999999998,1,1,1.0
4,2,690.1,268.12,79.39999999999998,44.71999999999997,1,1,1.0
4,3,46.4,345.74,144.0,60.20999999999998,1,1,1.0
5,1,204.07,248.67,100.55000000000001,42.21000000000001,1,1,1.0
5,2,676.44,269.98,79.39999999999998,44.71999999999997,1,1,1.0
5,3,24.05,348.22,144.0,60.20999999999998,1,1,1.0
6,1,204.07,248.76,100.55000000000001,42.210000000000036,1,1,1.0
6,2,661.33,272.42,81.0,45.44999999999999,1,1,1.0
6,3,0.0,348.9,146.3,69.46000000000004,1,1,1.0
7,1,204.06,248.86,100.55000000000001,42.20999999999998,1,1,1.0
7,2,646.22,274.86,82.58999999999992,46.16999999999996,1,1,1.0
7,3,0.0,350.8,125.2,67.56,1,1,1.0
8,1,204.05,248.95,100.56,42.210000000000036,1,1,1.0
8,2,631.12,277.3,84.17999999999995,46.89999999999998,1,1,1.0
8,3,0.0,357.6,101.6,70.69999999999999,1,1,1.0
9,1,204.05,249.05,100.55000000000001,42.20999999999998,1,1,1.0
9,2,617.8,279.74,85.78000000000009,47.629999999999995,1,1,1.0
9,3,0.0,358.84,77.39,70.70000000000005,1,1,1.0
10,1,204.04,249.14,100.54999999999998,42.210000000000036,1,1,1.0
10,2,601.58,282.18,87.37,48.349999999999966,1,1,1.0
10,3,0.0,361.94,56.91,70.69999999999999,1,1,1.0
11,1,204.04,249.24,100.54999999999998,42.20999999999998,1,1,1.0
11,2,585.35,284.62,88.97000000000003,49.079999999999984,1,1,1.0
11,3,0.0,366.29,27.73,70.69999999999999,1,1,1.0
12,1,204.03,249.33,100.54999999999998,42.21000000000001,1,1,1.0
12,2,569.13,287.06,90.56000000000006,49.80000000000001,1,1,1.0
13,1,204.02,249.43,100.55999999999997,42.20999999999998,1,1,1.0
13,2,557.86,290.75,92.14999999999998,50.51999999999998,1,1,1.0
14,1,204.02,249.52,100.54999999999998,42.21000000000001,1,1,1.0
14,2,539.9,291.43,93.74000000000001,52.90999999999997,1,1,1.0
15,1,204.01,249.61,100.55000000000001,42.21999999999997,1,1,1.0
15,2,521.94,292.12,95.33999999999992,55.29000000000002,1,1,1.0
16,1,204.01,249.71,100.55000000000001,42.21000000000001,1,1,1.0
16,2,503.99,292.8,96.92999999999995,57.69,1,1,1.0
17,1,204.0,249.8,100.55000000000001,42.20999999999998,1,1,1.0
17,2,486.03,295.64,99.35000000000002,57.920000000000016,1,1,1.0
18,1,204.0,249.9,100.55000000000001,42.21000000000001,1,1,1.0
18,2,468.07,298.49,101.77000000000004,58.139999999999986,1,1,1.0
19,1,203.99,249.99,100.55000000000001,42.20999999999998,1,1,1.0
19,2,450.12,301.33,104.18999999999994,58.370000000000005,1,1,1.0
20,1,203.98,250.09,100.54999999999998,42.21000000000001,1,1,1.0
20,2,432.16,304.17,106.60999999999996,58.599999999999966,1,1,1.0
21,1,203.98,250.18,100.54999999999998,42.20999999999998,1,1,1.0
21,2,414.2,307.01,109.04000000000002,58.829999999999984,1,1,1.0
22,1,203.97,250.28,100.54999999999998,42.21000000000001,1,1,1.0
22,2,396.24,309.86,111.45999999999998,59.05000000000001,1,1,1.0
23,1,203.97,250.37,100.54999999999998,42.20999999999998,1,1,1.0
23,2,378.29,312.7,111.79999999999995,59.28000000000003,1,1,1.0
24,1,203.96,250.47,100.54999999999998,42.21000000000001,1,1,1.0
24,2,360.33,315.54,112.16000000000003,59.50999999999999,1,1,1.0
25,1,203.95,250.56,100.56,42.20999999999998,1,1,1.0
25,2,342.37,318.38,112.50999999999999,59.74000000000001,1,1,1.0
26,1,203.95,250.66,100.55000000000001,42.21000000000001,1,1,1.0
26,2,324.42,321.22,112.85999999999996,59.96999999999997,1,1,1.0
27,1,203.94,250.75,100.55000000000001,42.20999999999998,1,1,1.0
27,2,302.63,325.04,115.69,61.049999999999955,1,1,1.0
28,1,203.94,250.85,100.55000000000001,42.21000000000001,1,1,1.0
28,2,280.84,328.86,118.53000000000003,62.129999999999995,1,1,1.0
29,1,203.93,250.94,100.55000000000001,42.20999999999998,1,1,1.0
29,2,259.05,332.68,121.37,63.20999999999998,1,1,1.0
30,1,203.92,251.03,100.56000000000003,42.22,1,1,1.0
30,2,237.26,336.5,124.21000000000004,64.30000000000001,1,1,1.0
31,1,203.92,251.13,100.55000000000004,42.20999999999998,1,1,1.0
31,2,215.48,340.32,127.03,65.38,1,1,1.0
32,1,203.91,251.22,100.54999999999998,42.22,1,1,1.0
32,2,193.69,344.14,129.87,66.46000000000004,1,1,1.0
33,1,203.91,251.32,100.54999999999998,42.20999999999998,1,1,1.0
33,2,171.9,347.96,132.71,67.54000000000002,1,1,1.0
34,1,203.9,251.41,100.54999999999998,42.21000000000001,1,1,1.0
34,2,147.32,353.02,138.63,67.02000000000004,1,1,1.0
35,1,203.89,251.51,100.56,42.210000000000036,1,1,1.0
35,2,122.74,358.08,144.56,66.5,1,1,1.0
36,1,203.89,251.6,100.55000000000001,42.21000000000001,1,1,1.0
36,2,99.78,354.4,142.72,77.01000000000005,1,1,1.0
37,1,203.88,251.7,100.55000000000001,42.210000000000036,1,1,1.0
37,2,73.71,359.99,153.89,77.0,1,1,1.0
38,1,203.88,251.79,100.55000000000001,42.21000000000001,1,1,1.0
38,2,45.77,364.33,153.89999999999998,77.00999999999999,1,1,1.0
39,1,203.87,251.89,100.55000000000001,42.210000000000036,1,1,1.0
39,2,18.46,371.2,157.04,82.55000000000001,1,1,1.0
40,1,203.86,251.98,100.56,42.21000000000001,1,1,1.0
40,2,0.0,376.79,153.78,82.54999999999995,1,1,1.0
41,1,203.86,252.08,100.55000000000001,42.21000000000001,1,1,1.0
41,2,0.0,380.51,125.84,82.55000000000001,1,1,1.0
42,1,203.85,252.17,100.54999999999998,42.21000000000001,1,1,1.0
42,2,0.0,380.51,100.71,82.55000000000001,1,1,1.0
43,1,203.85,252.27,100.54999999999998,42.21000000000001,1,1,1.0
43,2,0.0,380.51,75.57,82.55000000000001,1,1,1.0
44,1,203.84,252.36,100.54999999999998,42.20999999999998,1,1,1.0
44,2,0.0,380.51,50.44,82.55000000000001,1,1,1.0
45,1,203.84,252.46,100.54999999999998,42.21000000000001,1,1,1.0
45,2,0.0,380.51,25.3,82.55000000000001,1,1,1.0
46,1,203.83,252.55,100.54999999999998,42.20999999999998,1,1,1.0
47,1,203.82,252.64,100.56,42.22000000000003,1,1,1.0
48,1,203.82,252.74,100.55000000000001,42.20999999999998,1,1,1.0
49,1,203.81,252.83,100.55000000000001,42.21000000000001,1,1,1.0
50,1,203.81,252.93,100.55000000000001,42.20999999999998,1,1,1.0
51,1,203.8,253.02,100.55000000000001,42.21000000000001,1,1,1.0
52,1,203.79,253.12,100.56000000000003,42.20999999999998,1,1,1.0
53,1,203.79,253.21,100.54999999999998,42.21000000000001,1,1,1.0
53,4,939.61,222.84,20.389999999999986,64.54999999999998,1,1,1.0
54,1,203.78,253.31,100.54999999999998,42.20999999999998,1,1,1.0
54,4,934.77,223.46,25.230000000000018,65.67999999999998,1,1,1.0
55,1,203.78,253.4,100.54999999999998,42.21000000000001,1,1,1.0
55,4,929.92,224.08,30.08000000000004,66.79999999999998,1,1,1.0
56,1,203.77,253.5,100.54999999999998,42.20999999999998,1,1,1.0
56,4,925.08,224.7,34.91999999999996,67.92000000000002,1,1,1.0
57,1,203.76,253.59,100.56,42.21000000000001,1,1,1.0
57,4,920.23,225.32,39.76999999999998,69.05000000000001,1,1,1.0
58,1,203.76,253.69,100.55000000000001,42.20999999999998,1,1,1.0
58,4,915.39,225.94,44.610000000000014,70.17000000000002,1,1,1.0
59,1,203.75,253.78,100.55000000000001,42.21000000000001,1,1,1.0
59,4,910.54,226.56,49.460000000000036,71.30000000000001,1,1,1.0
60,1,203.75,253.88,100.55000000000001,42.20999999999998,1,1,1.0
60,4,905.7,227.18,54.299999999999955,72.42000000000002,1,1,1.0
61,1,203.74,253.97,100.55000000000001,42.21000000000001,1,1,1.0
61,4,897.42,226.09,62.58000000000004,77.43999999999997,1,1,1.0
62,1,203.73,254.06,100.56000000000003,42.21999999999997,1,1,1.0
62,4,889.15,225.01,70.85000000000002,82.44,1,1,1.0
63,1,203.73,254.16,100.54999999999998,42.21000000000001,1,1,1.0
63,4,880.87,223.92,79.13,87.46000000000001,1,1,1.0
64,1,203.72,254.25,100.54999999999998,42.22000000000003,1,1,1.0
64,4,872.6,222.84,87.39999999999998,92.46000000000001,1,1,1.0
65,1,203.72,254.35,100.54999999999998,42.21000000000001,1,1,1.0
65,4,869.43,221.79,90.57000000000005,91.28,1,1,1.0
66,1,203.71,254.44,100.54999999999998,42.20999999999998,1,1,1.0
66,4,866.27,220.75,93.73000000000002,90.07999999999998,1,1,1.0
67,1,203.71,254.54,100.54999999999998,42.21000000000001,1,1,1.0
67,4,863.1,219.7,96.89999999999998,88.90000000000003,1,1,1.0
68,1,203.7,254.63,100.55000000000001,42.20999999999998,1,1,1.0
68,4,845.38,225.21,114.62,94.96000000000001,1,1,1.0
69,1,203.7,254.63,100.55000000000001,42.20999999999998,1,1,1.0
69,4,853.1,227.22,106.89999999999998,83.08000000000001,1,1,1.0
70,1,203.7,254.63,100.55000000000001,42.20999999999998,1,1,1.0
70,4,844.92,229.23,115.08000000000004,86.27000000000001,1,1,1.0
71,1,203.7,254.63,100.55000000000001,42.20999999999998,1,1,1.0
71,4,838.14,229.84,121.77999999999997,87.52000000000001,1,1,1.0
72,1,203.7,254.63,100.55000000000001,42.20999999999998,1,1,1.0
72,4,831.36,230.45,128.49,88.77000000000004,1,1,1.0
73,1,203.7,254.63,100.55000000000001,42.20999999999998,1,1,1.0
73,4,824.58,231.05,135.18999999999994,90.03999999999996,1,1,1.0
74,1,203.7,254.63,100.55000000000001,42.20999999999998,1,1,1.0
74,4,817.8,231.66,141.9000000000001,91.28999999999999,1,1,1.0
75,1,203.7,254.63,100.55000000000001,42.20999999999998,1,1,1.0
75,4,809.12,232.26,150.5,92.55000000000001,1,1,1.0
76,1,203.7,254.63,100.55000000000001,42.20999999999998,1,1,1.0
76,4,800.44,232.87,159.1099999999999,93.80000000000001,1,1,1.0
77,1,203.7,254.63,100.55000000000001,42.20999999999998,1,1,1.0
77,4,791.76,233.48,167.71000000000004,95.06000000000003,1,1,1.0
78,1,203.7,254.63,100.55000000000001,42.20999999999998,1,1,1.0
78,4,783.08,234.08,176.31999999999994,96.31999999999996,1,1,1.0
79,1,203.7,254.63,100.55000000000001,42.20999999999998,1,1,1.0
79,4,775.36,234.69,178.14,97.57,1,1,1.0
80,1,203.7,254.63,100.55000000000001,42.20999999999998,1,1,1.0
80,4,767.63,235.29,180.52999999999997,98.83000000000001,1,1,1.0
81,1,203.7,254.63,100.55000000000001,42.20999999999998,1,1,1.0
81,4,759.9,235.9,182.92000000000007,100.08000000000001,1,1,1.0
82,1,203.7,254.63,100.55000000000001,42.20999999999998,1,1,1.0
82,4,750.1,233.5,191.39999999999998,103.69999999999999,1,1,1.0
83,1,203.7,254.63,100.55000000000001,42.20999999999998,1,1,1.0
83,4,739.3,235.19,200.0,106.32,1,1,1.0
84,1,203.7,254.63,100.55000000000001,42.20999999999998,1,1,1.0
84,4,733.9,236.12,199.30000000000007,106.92000000000002,1,1,1.0
85,1,203.7,254.63,100.55000000000001,42.20999999999998,1,1,1.0
85,4,723.67,237.04,203.43000000000006,107.52000000000001,1,1,1.0
85,5,708.0,261.27,35.460000000000036,34.910000000000025,1,1,1.0
86,1,203.7,254.63,100.55000000000001,42.20999999999998,1,1,1.0
86,4,713.43,237.97,207.57000000000005,108.10999999999999,1,1,1.0
86,5,696.38,261.66,38.889999999999986,34.89999999999998,1,1,1.0
87,1,203.7,254.63,100.55000000000001,42.20999999999998,1,1,1.0
87,4,703.2,238.9,211.69999999999993,108.70000000000002,1,1,1.0
87,5,684.76,262.04,42.32000000000005,34.90999999999997,1,1,1.0
88,1,203.7,254.63,100.55000000000001,42.20999999999998,1,1,1.0
88,4,692.66,240.04,214.76,110.35999999999999,1,1,1.0
88,5,673.15,262.42,45.75,34.90999999999997,1,1,1.0
89,1,203.7,254.63,100.55000000000001,42.20999999999998,1,1,1.0
89,4,682.12,241.18,217.83000000000004,112.01999999999998,1,1,1.0
89,5,661.53,262.8,49.180000000000064,34.90999999999997,1,1,1.0
90,1,203.7,254.63,100.55000000000001,42.20999999999998,1,1,1.0
90,4,671.59,242.31,220.88,113.69,1,1,1.0
90,5,649.91,263.18,52.620000000000005,34.90999999999997,1,1,1.0
91,1,203.7,254.63,100.55000000000001,42.20999999999998,1,1,1.0
91,4,661.05,243.45,223.95000000000005,115.35000000000002,1,1,1.0
91,5,638.29,263.56,56.05000000000007,34.910000000000025,1,1,1.0
92,1,203.7,254.63,100.55000000000001,42.20999999999998,1,1,1.0
92,4,650.51,244.59,227.01,117.01000000000002,1,1,1.0
92,5,626.67,263.95,59.49000000000001,34.910000000000025,1,1,1.0
93,1,203.7,254.63,100.55000000000001,42.20999999999998,1,1,1.0
93,4,639.98,245.73,230.06999999999994,118.66999999999999,1,1,1.0
93,5,615.05,264.33,62.92000000000007,34.910000000000025,1,1,1.0
94,1,203.7,254.63,100.55000000000001,42.20999999999998,1,1,1.0
94,4,629.44,246.86,233.13,120.33999999999997,1,1,1.0
94,5,603.44,264.71,66.34999999999991,34.910000000000025,1,1,1.0
95,1,203.7,254.63,100.55000000000001,42.20999999999998,1,1,1.0
95,4,618.9,248.0,236.20000000000005,122.0,1,1,1.0
95,5,591.82,265.09,69.77999999999997,34.910000000000025,1,1,1.0
96,1,203.7,254.63,100.55000000000001,42.20999999999998,1,1,1.0
96,4,601.49,249.91,243.58000000000004,121.09,1,1,1.0
96,5,578.24,265.96,72.28999999999996,34.910000000000025,1,1,1.0
97,1,203.7,254.63,100.55000000000001,42.20999999999998,1,1,1.0
97,4,596.7,251.82,237.51999999999998,124.30000000000001,1,1,1.0
97,5,564.65,266.84,74.81000000000006,34.910000000000025,1,1,1.0
98,1,203.7,254.63,100.55000000000001,42.20999999999998,1,1,1.0
98,4,578.05,253.73,250.85000000000002,127.51000000000002,1,1,1.0
98,5,551.07,267.71,77.31999999999994,34.910000000000025,1,1,1.0
99,1,203.7,254.63,100.55000000000001,42.20999999999998,1,1,1.0
99,4,573.3,255.64,244.58000000000004,123.96000000000004,1,1,1.0
99,5,537.49,268.58,79.83000000000004,34.910000000000025,1,1,1.0
100,1,203.7,254.63,100.55000000000001,42.20999999999998,1,1,1.0
100,4,557.36,257.54,257.40999999999997,127.40999999999997,1,1,1.0
100,5,523.91,269.46,82.34000000000003,34.900000000000034,1,1,1.0
101,1,203.7,254.63,100.55000000000001,42.20999999999998,1,1,1.0
101,4,546.2,259.45,254.20999999999992,130.84000000000003,1,1,1.0
101,5,510.33,270.33,84.84999999999997,34.910000000000025,1,1,1.0
102,1,203.7,254.63,100.55000000000001,42.20999999999998,1,1,1.0
102,4,534.23,261.36,262.53,134.27999999999997,1,1,1.0
102,5,496.74,271.2,87.37,34.910000000000025,1,1,1.0
103,1,203.7,254.63,100.55000000000001,42.20999999999998,1,1,1.0
103,4,518.8,263.27,270.85,137.72000000000003,1,1,1.0
103,5,483.16,272.07,89.87999999999994,34.910000000000025,1,1,1.0
104,1,203.7,254.63,100.55000000000001,42.20999999999998,1,1,1.0
104,4,502.02,265.18,279.15999999999997,141.14999999999998,1,1,1.0
104,5,469.58,272.95,92.39000000000004,34.900000000000034,1,1,1.0
105,1,203.7,254.63,100.55000000000001,42.20999999999998,1,1,1.0
105,4,489.5,267.09,279.91999999999996,140.21000000000004,1,1,1.0
105,5,456.0,273.82,94.89999999999998,34.910000000000025,1,1,1.0
106,1,203.7,254.63,100.55000000000001,42.20999999999998,1,1,1.0
106,4,475.48,266.22,284.55999999999995,143.82999999999998,1,1,1.0
106,5,441.93,274.18,96.47999999999996,35.579999999999984,1,1,1.0
106,6,677.46,252.0,80.71999999999991,44.73000000000002,1,1,1.0
107,1,203.7,254.63,100.55000000000001,42.20999999999998,1,1,1.0
107,4,454.81,268.25,296.09,147.45,1,1,1.0
107,5,427.85,274.54,98.06999999999994,36.25999999999999,1,1,1.0
107,6,664.36,252.49,82.30999999999995,44.73000000000002,1,1,1.0
108,1,203.7,254.63,100.55000000000001,42.20999999999998,1,1,1.0
108,4,442.46,270.28,304.78000000000003,145.52000000000004,1,1,1.0
108,5,413.78,274.9,99.64999999999998,36.94,1,1,1.0
108,6,651.27,252.98,83.89999999999998,44.72999999999999,1,1,1.0
109,1,203.7,254.63,100.55000000000001,42.20999999999998,1,1,1.0
109,4,426.9,268.74,308.35,149.40999999999997,1,1,1.0
109,5,399.71,275.26,101.23000000000002,37.610000000000014,1,1,1.0
109,6,638.18,253.47,85.48000000000002,44.72999999999999,1,1,1.0
110,1,203.7,254.63,100.55000000000001,42.20999999999998,1,1,1.0
110,4,410.7,270.95,312.14000000000004,153.29000000000002,1,1,1.0
110,7,923.46,214.91,16.899999999999977,56.72999999999999,1,1,1.0
110,5,385.63,275.62,102.82,38.29000000000002,1,1,1.0
110,6,625.09,253.97,87.05999999999995,44.72,1,1,1.0
111,1,203.7,254.63,100.55000000000001,42.20999999999998,1,1,1.0
111,4,395.4,273.16,315.0400000000001,157.16999999999996,1,1,1.0
111,7,918.32,215.26,22.909999999999968,57.139999999999986,1,1,1.0
111,5,371.56,275.98,104.39999999999998,38.96999999999997,1,1,1.0
111,6,612.0,254.46,88.63999999999999,44.72,1,1,1.0
112,1,203.7,254.63,100.55000000000001,42.20999999999998,1,1,1.0
112,4,377.8,275.37,320.22999999999996,161.05,1,1,1.0
112,7,913.19,215.61,28.909999999999968,57.55000000000001,1,1,1.0
112,5,357.49,276.34,105.98000000000002,39.64000000000004,1,1,1.0
112,6,598.91,254.95,90.22000000000003,44.72000000000003,1,1,1.0
113,1,203.7,254.63,100.55000000000001,42.20999999999998,1,1,1.0
113,4,355.57,277.57,334.83,164.95,1,1,1.0
113,7,908.05,215.96,34.92000000000007,57.96000000000001,1,1,1.0
113,5,343.42,276.7,107.56,40.31999999999999,1,1,1.0
113,6,585.82,255.44,91.79999999999995,44.73000000000002,1,1,1.0
114,1,203.7,254.63,100.55000000000001,42.20999999999998,1,1,1.0
114,4,341.7,279.78,335.99000000000007,168.83000000000004,1,1,1.0
114,7,902.92,216.31,40.91000000000008,58.370000000000005,1,1,1.0
114,5,329.34,280.44,109.15000000000003,37.610000000000014,1,1,1.0
114,6,572.73,255.93,93.38999999999999,44.73000000000002,1,1,1.0
115,1,203.7,254.63,100.55000000000001,42.20999999999998,1,1,1.0
115,4,318.92,281.99,352.37999999999994,172.70999999999998,1,1,1.0
115,7,897.78,216.66,46.92000000000007,58.78,1,1,1.0
115,5,315.27,284.18,110.73000000000002,34.90999999999997,1,1,1.0
115,6,559.64,256.42,94.97000000000003,44.72999999999996,1,1,1.0
116,1,203.7,254.63,100.55000000000001,42.20999999999998,1,1,1.0
116,4,301.3,284.2,356.84,176.60000000000002,1,1,1.0
116,7,892.65,217.01,52.92000000000007,59.19,1,1,1.0
116,5,299.51,284.28,110.48000000000002,36.690000000000055,1,1,1.0
116,6,546.55,256.91,96.55000000000007,44.72999999999996,1,1,1.0
117,1,203.7,254.63,100.55000000000001,42.20999999999998,1,1,1.0
117,4,280.7,286.41,364.28000000000003,180.47999999999996,1,1,1.0
117,7,887.51,217.36,58.91999999999996,59.599999999999966,1,1,1.0
117,5,283.74,284.39,110.23000000000002,38.460000000000036,1,1,1.0
117,6,530.84,257.95,98.78999999999996,44.73000000000002,1,1,1.0
118,1,203.7,254.63,100.55000000000001,42.20999999999998,1,1,1.0
118,4,260.1,288.62,371.73,184.36,1,1,1.0
118,7,882.38,217.71,64.91999999999996,60.01000000000002,1,1,1.0
118,5,267.98,284.49,109.97999999999996,40.25,1,1,1.0
118,6,515.14,258.98,101.01999999999998,44.72999999999996,1,1,1.0
119,1,203.7,254.63,100.55000000000001,42.20999999999998,1,1,1.0
119,4,236.45,290.82,384.59999999999997,188.25,1,1,1.0
119,7,877.24,218.06,67.79999999999995,60.420000000000016,1,1,1.0
119,5,252.22,284.59,109.72,42.03000000000003,1,1,1.0
119,6,499.43,260.02,103.26000000000005,44.73000000000002,1,1,1.0
120,1,203.7,254.63,100.55000000000001,42.20999999999998,1,1,1.0
120,4,212.81,293.03,397.46999999999997,192.14000000000004,1,1,1.0
120,7,872.11,218.41,70.65999999999997,60.83000000000001,1,1,1.0
120,5,236.45,284.69,109.48000000000002,43.81,1,1,1.0
120,6,483.73,261.06,105.49000000000001,44.71999999999997,1,1,1.0
121,1,203.7,254.63,100.55000000000001,42.20999999999998,1,1,1.0
121,4,189.16,295.24,410.34000000000003,196.01999999999998,1,1,1.0
121,7,866.97,218.76,73.53999999999996,61.24000000000001,1,1,1.0
121,5,220.69,284.8,109.22000000000003,45.579999999999984,1,1,1.0
121,6,468.02,262.09,107.73000000000002,44.73000000000002,1,1,1.0
122,1,203.7,254.63,100.55000000000001,42.20999999999998,1,1,1.0
122,4,163.4,297.45,422.05000000000007,199.90000000000003,1,1,1.0
122,7,861.84,219.11,76.40999999999997,61.64999999999998,1,1,1.0
122,5,204.93,284.9,108.96999999999997,47.360000000000014,1,1,1.0
122,6,452.32,263.13,109.95999999999998,44.73000000000002,1,1,1.0
123,1,203.7,254.63,100.55000000000001,42.20999999999998,1,1,1.0
123,4,137.64,299.65,433.76,203.79000000000002,1,1,1.0
123,7,856.7,219.46,79.28999999999996,62.059999999999974,1,1,1.0
123,5,187.8,286.44,111.22999999999996,47.69999999999999,1,1,1.0
123,6,436.61,264.17,112.19999999999993,44.71999999999997,1,1,1.0
124,1,203.7,254.63,100.55000000000001,42.20999999999998,1,1,1.0
124,4,111.88,301.86,445.47,207.68,1,1,1.0
124,7,851.57,219.81,82.14999999999998,62.46999999999997,1,1,1.0
124,5,170.67,287.98,113.47999999999999,48.049999999999955,1,1,1.0
124,6,420.91,265.2,114.43,44.73000000000002,1,1,1.0
125,1,203.7,254.63,100.55000000000001,42.20999999999998,1,1,1.0
125,4,86.12,304.07,457.17999999999995,211.56,1,1,1.0
125,7,846.43,220.17,85.03000000000009,62.87000000000003,1,1,1.0
125,5,153.54,289.51,115.73999999999998,48.400000000000034,1,1,1.0
125,6,405.2,266.24,116.67000000000002,44.73000000000002,1,1,1.0
126,1,203.7,254.63,100.55000000000001,42.20999999999998,1,1,1.0
126,4,60.36,306.28,468.89,215.44000000000005,1,1,1.0
126,7,841.3,220.52,87.90000000000009,63.28,1,1,1.0
126,5,136.42,291.05,117.98000000000002,48.74000000000001,1,1,1.0
126,6,389.5,267.28,118.89999999999998,44.72000000000003,1,1,1.0
127,1,203.7,254.63,100.55000000000001,42.20999999999998,1,1,1.0
127,4,34.6,308.48,480.6,219.32999999999993,1,1,1.0
127,7,834.84,220.87,88.96999999999991,63.69,1,1,1.0
127,5,117.74,292.59,119.61,49.08000000000004,1,1,1.0
127,6,374.06,268.04,119.56,45.599999999999966,1,1,1.0
128,1,203.7,254.63,100.55000000000001,42.20999999999998,1,1,1.0
128,4,5.8,310.69,495.34999999999997,223.21999999999997,1,1,1.0
128,7,828.38,221.22,90.03999999999996,64.1,1,1,1.0
128,5,99.06,294.13,121.22999999999999,49.420000000000016,1,1,1.0
128,6,358.63,268.8,120.20999999999998,46.47999999999996,1,1,1.0
129,1,203.7,254.63,100.55000000000001,42.20999999999998,1,1,1.0
129,4,0.0,312.9,487.1,227.10000000000002,1,1,1.0
129,7,821.91,221.57,91.12,64.50999999999999,1,1,1.0
129,5,80.38,295.67,122.86000000000001,49.76999999999998,1,1,1.0
129,6,343.19,269.56,120.87,47.35000000000002,1,1,1.0
130,1,203.7,254.63,100.55000000000001,42.20999999999998,1,1,1.0
130,4,0.0,316.58,472.85,223.42000000000002,1,1,1.0
130,7,815.45,221.92,92.18999999999994,64.91999999999999,1,1,1.0
130,5,61.7,297.21,124.48,50.110000000000014,1,1,1.0
130,6,327.75,270.33,121.52999999999997,48.22000000000003,1,1,1.0
131,1,203.7,254.63,100.55000000000001,42.20999999999998,1,1,1.0
131,4,0.0,320.26,458.6,219.74,1,1,1.0
131,7,808.99,222.27,93.25999999999999,65.33000000000001,1,1,1.0
131,5,41.2,298.75,127.92999999999999,50.44999999999999,1,1,1.0
131,6,312.32,271.09,122.18,49.09000000000003,1,1,1.0
132,1,203.7,254.63,100.55000000000001,42.20999999999998,1,1,1.0
132,4,0.0,323.94,440.57,216.06,1,1,1.0
132,7,802.53,222.62,94.33000000000004,65.74000000000001,1,1,1.0
132,5,20.7,300.28,131.37,50.80000000000001,1,1,1.0
132,6,296.88,271.85,122.84000000000003,49.96999999999997,1,1,1.0
133,1,203.7,254.63,100.55000000000001,42.20999999999998,1,1,1.0
133,4,0.0,327.62,422.53,212.38,1,1,1.0
133,7,796.07,222.97,95.39999999999998,66.15,1,1,1.0
133,5,0.2,301.82,134.82000000000002,51.139999999999986,1,1,1.0
133,6,281.44,272.61,123.5,50.849999999999966,1,1,1.0
134,1,203.7,254.63,100.55000000000001,42.20999999999998,1,1,1.0
134,4,0.0,331.3,404.5,208.7,1,1,1.0
134,7,789.6,223.32,96.48000000000002,66.56,1,1,1.0
134,5,0.0,303.36,117.96,51.49000000000001,1,1,1.0
134,6,266.01,273.38,124.15000000000003,51.70999999999998,1,1,1.0
135,1,203.7,254.63,100.55000000000001,42.20999999999998,1,1,1.0
135,4,0.0,334.98,391.1,205.01999999999998,1,1,1.0
135,7,783.14,223.67,97.55000000000007,66.97,1,1,1.0
135,5,0.0,304.9,100.91,51.83000000000004,1,1,1.0
135,6,250.57,274.14,124.81,52.59000000000003,1,1,1.0
136,1,203.7,254.63,100.55000000000001,42.20999999999998,1,1,1.0
136,4,0.0,338.67,371.95,201.32999999999998,1,1,1.0
136,7,776.68,224.02,98.62,67.37999999999997,1,1,1.0
136,5,0.0,304.9,82.08,51.83000000000004,1,1,1.0
136,6,235.13,274.9,125.47000000000003,53.47000000000003,1,1,1.0
137,1,203.7,254.63,100.55000000000001,42.20999999999998,1,1,1.0
137,4,0.0,342.35,352.8,197.64999999999998,1,1,1.0
137,7,769.06,224.31,99.56000000000006,67.77999999999997,1,1,1.0
137,5,0.0,304.9,63.25,51.83000000000004,1,1,1.0
137,6,218.12,275.83,126.55000000000001,54.23000000000002,1,1,1.0
137,8,696.0,506.18,129.82000000000005,30.55000000000001,1,1,1.0
138,1,203.7,254.63,100.55000000000001,42.20999999999998,1,1,1.0
138,4,0.0,346.03,332.33,193.97000000000003,1,1,1.0
138,7,761.43,224.59,100.5100000000001,68.20000000000002,1,1,1.0
138,5,0.0,304.9,44.43,51.83000000000004,1,1,1.0
138,6,201.1,276.76,127.64000000000001,54.99000000000001,1,1,1.0
138,8,705.44,501.32,129.81999999999994,35.68000000000001,1,1,1.0
139,1,203.7,254.63,100.55000000000001,42.20999999999998,1,1,1.0
139,4,0.0,349.71,311.87,190.29000000000002,1,1,1.0
139,7,753.81,224.88,101.45000000000005,68.60000000000002,1,1,1.0
139,5,0.0,304.9,25.6,51.83000000000004,1,1,1.0
139,6,184.08,277.69,128.73,55.75,1,1,1.0
139,8,714.87,496.47,129.82000000000005,40.799999999999955,1,1,1.0
140,1,203.7,254.63,100.55000000000001,42.20999999999998,1,1,1.0
140,4,0.0,353.39,291.4,186.61,1,1,1.0
140,7,746.19,225.16,102.38999999999999,69.02000000000001,1,1,1.0
140,6,167.06,278.62,129.82,56.50999999999999,1,1,1.0
140,8,724.31,491.61,129.82000000000005,45.93999999999994,1,1,1.0
141,1,203.7,254.63,100.55000000000001,42.20999999999998,1,1,1.0
141,4,0.0,357.07,269.3,182.93,1,1,1.0
141,7,738.56,225.45,103.33000000000004,69.42000000000002,1,1,1.0
141,6,150.04,279.55,130.91,57.26999999999998,1,1,1.0
141,8,733.75,486.75,129.82000000000005,51.07000000000005,1,1,1.0
142,1,203.7,254.63,100.55000000000001,42.20999999999998,1,1,1.0
142,4,0.0,360.75,247.2,179.25,1,1,1.0
142,7,730.94,225.73,104.26999999999998,69.84,1,1,1.0
142,6,133.03,280.48,131.98999999999998,58.02999999999997,1,1,1.0
142,8,743.18,481.89,129.82000000000005,56.200000000000045,1,1,1.0
143,1,203.7,254.63,100.55000000000001,42.20999999999998,1,1,1.0
143,4,0.0,364.43,225.1,175.57,1,1,1.0
143,7,723.32,226.02,105.20999999999992,70.23999999999998,1,1,1.0
143,6,116.01,281.41,133.07999999999998,58.789999999999964,1,1,1.0
143,8,752.62,477.03,129.82000000000005,61.33000000000004,1,1,1.0
144,1,203.7,254.63,100.55000000000001,42.20999999999998,1,1,1.0
144,4,0.0,368.12,202.75,171.88,1,1,1.0
144,7,715.69,226.3,106.15999999999997,70.65999999999997,1,1,1.0
144,6,98.99,282.34,134.17000000000002,59.55000000000001,1,1,1.0
144,8,762.06,472.17,129.82000000000005,66.46999999999997,1,1,1.0
145,1,203.7,254.63,100.55000000000001,42.20999999999998,1,1,1.0
145,4,0.0,371.8,180.4,168.2,1,1,1.0
145,7,708.07,226.59,107.09999999999991,71.05999999999997,1,1,1.0
145,6,81.97,283.27,135.26,60.31999999999999,1,1,1.0
145,8,771.49,467.32,129.81999999999994,71.58999999999997,1,1,1.0
146,1,203.7,254.63,100.55000000000001,42.20999999999998,1,1,1.0
146,4,0.0,375.48,154.44,164.51999999999998,1,1,1.0
146,7,700.45,226.87,108.03999999999996,71.48000000000002,1,1,1.0
146,6,64.95,284.2,136.35000000000002,61.079999999999984,1,1,1.0
146,8,780.93,462.46,129.82000000000005,76.71999999999997,1,1,1.0
147,1,203.7,254.63,100.55000000000001,42.20999999999998,1,1,1.0
147,4,0.0,379.16,128.48,160.83999999999997,1,1,1.0
147,7,692.82,227.16,108.9899999999999,71.88000000000002,1,1,1.0
147,6,45.88,285.73,138.78,61.079999999999984,1,1,1.0
147,8,790.37,457.6,129.82000000000005,81.85000000000002,1,1,1.0
148,1,203.7,254.63,100.55000000000001,42.20999999999998,1,1,1.0
148,4,0.0,382.84,102.52,157.16000000000003,1,1,1.0
148,7,685.2,227.45,109.92999999999995,72.29000000000002,1,1,1.0
148,6,26.8,287.27,141.23,61.08000000000004,1,1,1.0
148,8,798.55,453.07,125.62,81.85999999999996,1,1,1.0
149,1,203.7,254.63,100.55000000000001,42.20999999999998,1,1,1.0
149,4,0.0,386.52,76.56,153.48000000000002,1,1,1.0
149,7,675.58,227.55,110.86000000000001,72.69999999999999,1,1,1.0
149,6,13.4,288.8,137.98999999999998,61.079999999999984,1,1,1.0
149,8,806.73,448.55,121.41999999999996,81.84999999999997,1,1,1.0
150,1,203.7,254.63,100.55000000000001,42.20999999999998,1,1,1.0
150,4,0.0,390.2,50.6,149.8,1,1,1.0
150,7,665.95,227.65,111.80999999999995,73.11999999999998,1,1,1.0
150,6,0.0,290.34,134.75,61.07000000000005,1,1,1.0
150,8,814.91,444.02,117.22000000000003,81.85000000000002,1,1,1.0
151,1,203.7,254.63,100.55000000000001,42.20999999999998,1,1,1.0
151,4,0.0,408.0,22.4,132.0,1,1,1.0
151,7,656.33,227.76,112.75,73.51999999999998,1,1,1.0
151,6,0.0,291.87,118.12,61.079999999999984,1,1,1.0
151,8,823.09,439.49,113.01999999999998,81.85000000000002,1,1,1.0
152,1,203.7,254.63,100.55000000000001,42.20999999999998,1,1,1.0
152,7,646.71,227.86,113.68999999999994,73.93,1,1,1.0
152,6,0.0,293.41,101.48,61.06999999999999,1,1,1.0
152,8,831.28,434.96,108.81000000000006,81.86000000000007,1,1,1.0
153,1,203.7,254.63,100.55000000000001,42.20999999999998,1,1,1.0
153,7,637.19,228.46,114.75,74.34,1,1,1.0
153,6,0.0,294.94,84.84,61.079999999999984,1,1,1.0
153,8,839.46,430.44,104.61000000000001,81.84999999999997,1,1,1.0
154,1,203.7,254.63,100.55000000000001,42.20999999999998,1,1,1.0
154,7,627.68,229.06,115.80000000000007,74.75,1,1,1.0
154,6,0.0,297.0,68.21,61.079999999999984,1,1,1.0
154,8,847.64,425.91,100.41999999999996,81.84999999999997,1,1,1.0
155,1,203.7,254.63,100.55000000000001,42.20999999999998,1,1,1.0
155,7,618.17,229.66,116.85000000000002,75.16,1,1,1.0
155,6,0.0,299.05,51.57,61.079999999999984,1,1,1.0
155,8,855.82,421.38,96.21999999999991,81.86000000000001,1,1,1.0
156,1,203.7,254.63,100.55000000000001,42.20999999999998,1,1,1.0
156,7,608.66,230.26,117.89999999999998,75.57,1,1,1.0
156,6,0.0,301.11,34.93,61.079999999999984,1,1,1.0
156,8,864.0,416.86,92.01999999999998,81.84999999999997,1,1,1.0
157,1,203.7,254.63,100.55000000000001,42.20999999999998,1,1,1.0
157,7,599.14,230.86,118.96000000000004,75.97999999999996,1,1,1.0
157,6,0.0,300.56,14.75,61.079999999999984,1,1,1.0
157,8,872.19,412.33,87.80999999999995,81.85000000000002,1,1,1.0
158,1,203.7,254.63,100.55000000000001,42.20999999999998,1,1,1.0
158,7,589.63,231.46,120.00999999999999,76.39000000000001,1,1,1.0
158,8,884.7,412.33,75.29999999999995,81.85000000000002,1,1,1.0
159,1,203.7,254.63,100.55000000000001,42.20999999999998,1,1,1.0
159,7,578.96,232.06,121.04999999999995,76.80000000000001,1,1,1.0
159,8,887.43,407.96,72.57000000000005,81.86000000000001,1,1,1.0
160,1,203.7,254.63,100.55000000000001,42.20999999999998,1,1,1.0
160,7,568.28,232.66,122.11000000000001,77.21000000000001,1,1,1.0
160,8,893.56,404.96,66.44000000000005,81.86000000000001,1,1,1.0
161,1,203.7,254.63,100.55000000000001,42.20999999999998,1,1,1.0
161,7,557.6,233.26,123.16999999999996,77.62,1,1,1.0
161,8,899.7,401.96,60.299999999999955,81.86000000000001,1,1,1.0
162,1,203.7,254.63,100.55000000000001,42.20999999999998,1,1,1.0
162,7,546.93,233.86,124.21000000000004,78.02999999999997,1,1,1.0
162,8,905.84,398.96,54.15999999999997,81.86000000000001,1,1,1.0
163,1,203.7,254.63,100.55000000000001,42.20999999999998,1,1,1.0
163,7,536.25,234.46,125.26999999999998,78.43999999999997,1,1,1.0
163,8,911.97,395.96,48.02999999999997,81.86000000000001,1,1,1.0
164,1,203.7,254.63,100.55000000000001,42.20999999999998,1,1,1.0
164,7,525.58,235.06,126.30999999999995,78.85000000000002,1,1,1.0
164,8,917.69,394.88,42.309999999999945,76.38999999999999,1,1,1.0
165,1,203.7,254.63,100.55000000000001,42.20999999999998,1,1,1.0
165,7,514.9,235.66,127.37,79.26000000000002,1,1,1.0
165,8,923.4,393.8,36.60000000000002,70.92000000000002,1,1,1.0
166,1,203.7,254.63,100.55000000000001,42.20999999999998,1,1,1.0
166,7,504.23,236.26,128.41999999999996,79.67000000000002,1,1,1.0
166,8,929.4,394.3,30.600000000000023,70.43,1,1,1.0
167,1,203.7,254.63,100.55000000000001,42.20999999999998,1,1,1.0
167,7,493.55,236.86,129.46999999999997,80.07999999999998,1,1,1.0
167,8,929.4,394.3,30.600000000000023,70.43,1,1,1.0
168,1,203.7,254.63,100.55000000000001,42.20999999999998,1,1,1.0
168,7,482.88,237.46,130.51999999999998,80.48999999999998,1,1,1.0
169,1,203.7,254.63,100.55000000000001,42.20999999999998,1,1,1.0
169,7,471.36,237.66,131.18999999999994,80.9,1,1,1.0
170,1,203.7,254.63,100.55000000000001,42.20999999999998,1,1,1.0
170,7,459.85,237.86,131.85000000000002,81.31,1,1,1.0
171,1,203.7,254.63,100.55000000000001,42.20999999999998,1,1,1.0
171,7,448.34,238.07,132.51000000000005,81.70999999999998,1,1,1.0
172,1,203.7,254.63,100.55000000000001,42.20999999999998,1,1,1.0
172,7,436.83,238.27,133.17000000000002,82.11999999999998,1,1,1.0
173,1,203.7,254.63,100.55000000000001,42.20999999999998,1,1,1.0
173,7,425.31,238.47,133.82999999999998,82.53999999999999,1,1,1.0
174,1,203.7,254.63,100.55000000000001,42.20999999999998,1,1,1.0
174,7,413.8,238.67,134.48999999999995,82.95000000000002,1,1,1.0
175,1,203.7,254.63,100.55000000000001,42.20999999999998,1,1,1.0
175,7,402.29,238.87,135.15000000000003,83.36000000000001,1,1,1.0
176,1,203.7,254.63,100.55000000000001,42.20999999999998,1,1,1.0
176,7,390.78,239.08,135.81000000000006,83.75999999999996,1,1,1.0
177,1,203.7,254.63,100.55000000000001,42.20999999999998,1,1,1.0
177,7,379.27,239.28,136.47000000000003,84.16999999999999,1,1,1.0
178,1,203.7,254.63,100.55000000000001,42.20999999999998,1,1,1.0
178,7,367.75,239.48,137.14,84.58000000000001,1,1,1.0
179,1,203.7,254.63,100.55000000000001,42.20999999999998,1,1,1.0
179,7,356.24,239.68,137.8,85.0,1,1,1.0
180,1,203.7,254.63,100.55000000000001,42.20999999999998,1,1,1.0
180,7,344.73,239.88,138.45999999999998,85.41000000000003,1,1,1.0
181,1,203.7,254.63,100.55000000000001,42.20999999999998,1,1,1.0
181,7,333.06,240.17,139.33999999999997,85.81000000000003,1,1,1.0
182,1,203.7,254.63,100.55000000000001,42.20999999999998,1,1,1.0
182,7,321.38,240.45,140.23000000000002,86.22000000000003,1,1,1.0
183,1,203.7,254.63,100.55000000000001,42.20999999999998,1,1,1.0
183,7,309.71,240.73,141.11,86.63000000000002,1,1,1.0
184,1,203.7,254.63,100.55000000000001,42.20999999999998,1,1,1.0
184,7,298.04,241.01,141.98999999999995,87.04000000000002,1,1,1.0
185,1,203.7,254.63,100.55000000000001,42.20999999999998,1,1,1.0
185,7,286.36,241.29,142.88,87.45000000000002,1,1,1.0
186,1,203.7,254.63,100.55000000000001,42.20999999999998,1,1,1.0
186,7,274.69,241.57,143.76,87.87,1,1,1.0
187,1,203.7,254.63,100.55000000000001,42.20999999999998,1,1,1.0
187,7,263.02,241.86,144.65000000000003,88.26999999999998,1,1,1.0
188,1,203.7,254.63,100.55000000000001,42.20999999999998,1,1,1.0
188,7,251.34,242.14,145.54,88.68,1,1,1.0
189,1,203.7,254.63,100.55000000000001,42.20999999999998,1,1,1.0
189,7,239.67,242.42,146.42,89.09,1,1,1.0
190,1,203.7,254.63,100.55000000000001,42.20999999999998,1,1,1.0
190,7,228.0,242.7,147.3,89.5,1,1,1.0
